<?xml version="1.0"?>
<opencv_storage>
<RRfinal type_id="opencv-matrix">
  <rows>3</rows>
  <cols>3</cols>
  <dt>d</dt>
  <data>
    7.0986399230948338e-01 6.9467656540574718e-01
    -1.1626513621252299e-01 2.8182045904430658e-01
    -4.3141521254498905e-01 -8.5700533443428362e-01
    -6.4550007070990956e-01 5.7559133407378238e-01
    -5.0202019367020012e-01</data></RRfinal>
</opencv_storage>
