<?xml version="1.0"?>
<opencv_storage>
<TR type_id="opencv-matrix">
  <rows>3</rows>
  <cols>1</cols>
  <dt>d</dt>
  <data>
    -5.4555059888403812e-01 -2.2981196913507089e+00
    8.9472754184367957e+00</data></TR>
</opencv_storage>
